ID:03 | Angular Depth:[  0.  20.  61.  95. 131. 171. 216. 266. 317. 367. 420. 483.]
Spiral center:[725.49296985 378.28414741]
Electrode coordinates:[[527.23492432 517.0078125 ]
 [626.02209473 521.14050293]
 [742.08062744 538.81768799]
 [832.79919434 504.88720703]
 [884.23809814 416.90060425]
 [857.58135986 314.11791992]
 [766.84832764 256.36907959]
 [660.30841064 268.52301025]
 [594.59698486 359.44308472]
 [642.48553467 453.95791626]
 [734.25653076 482.90509033]
 [813.10986328 412.86248779]]

ID:04 | Angular Depth:[  0. 342. 345. 466. 496. 512. 513. 516. 529. 542. 559. 562. 566. 604.
 662. 676. 676. 686. 693. 696. 696. 698.]
Spiral center:[399.01487229 415.76936524]
Electrode coordinates:[[1065.5020752   676.86547852]
 [1037.60217285  452.10910034]
 [ 986.64483643  482.94595337]
 [ 277.4012146   575.5760498 ]
 [  87.35858154  545.46362305]
 [ 127.9200592   448.98568726]
 [ 306.85961914  425.02426147]
 [  30.19519615  433.21807861]
 [ 146.18914795  371.2305603 ]
 [  61.86077881  266.69781494]
 [ 235.9107666   274.69412231]
 [ 197.98583984  227.16477966]
 [ 188.37481689  185.1579895 ]
 [ 387.77069092  271.83648682]
 [ 610.71032715  257.6847229 ]
 [ 664.67407227  304.91213989]
 [ 743.61340332  271.9708252 ]
 [ 807.91723633  322.8651123 ]
 [1027.75085449  350.5916748 ]
 [ 572.23370361  406.48480225]
 [ 778.45294189  399.56112671]
 [1010.10534668  405.60397339]]

ID:17 | Angular Depth:[  0.  21.  48.  80. 112. 150. 192. 240. 293. 343. 404. 484.]
Spiral center:[438.36251085 310.33411217]
Electrode coordinates:[[699.39709473 483.61953735]
 [588.76269531 518.40985107]
 [473.35189819 536.07714844]
 [353.42669678 509.36508179]
 [271.06060791 423.34429932]
 [265.75799561 300.20037842]
 [332.55358887 202.29074097]
 [447.62771606 179.49699402]
 [542.88116455 240.86306763]
 [549.38647461 342.92285156]
 [460.99761963 410.59234619]
 [360.68640137 342.86398315]]

ID:18 | Angular Depth:[  0.  17.  55.  91. 124. 159. 200. 250. 307. 368. 431. 498.]
Spiral center:[494.7155269  355.77087012]
Electrode coordinates:[[720.97747803 526.39422607]
 [611.86810303 518.94274902]
 [489.12554932 533.90917969]
 [377.48895264 505.95309448]
 [309.30667114 420.86853027]
 [326.17019653 306.26574707]
 [415.14868164 231.48545837]
 [532.75952148 234.36447144]
 [612.37689209 321.94946289]
 [570.74255371 431.67773438]
 [463.94488525 452.93652344]
 [389.81539917 365.67651367]]

ID:55 | Angular Depth:[  0.  39.  84. 122. 158. 193. 233. 284. 351. 466. 518. 570.]
Spiral center:[399.45503302 451.2220928 ]
Electrode coordinates:[[535.38775635 573.7355957 ]
 [421.60626221 592.28869629]
 [304.07415771 582.46636963]
 [223.21737671 501.21496582]
 [218.4131012  384.01980591]
 [293.69509888 301.08935547]
 [412.08676147 298.04473877]
 [490.10671997 389.86251831]
 [451.9697876  485.487854  ]
 [330.6947937  494.22943115]
 [286.24456787 408.86685181]
 [361.28848267 334.00393677]]

ID:05 | Angular Depth:[  0.  30.  65.  99. 135. 173. 215. 259. 308. 361. 425. 491.]
Spiral center:[453.53351749 355.81312687]
Electrode coordinates:[[562.46789551 499.33035278]
 [471.99780273 500.6703186 ]
 [388.81283569 478.60067749]
 [332.47488403 420.87496948]
 [324.33221436 337.21292114]
 [367.62237549 267.76321411]
 [448.66763306 244.49095154]
 [524.97918701 277.131073  ]
 [557.47973633 357.347229  ]
 [504.6968689  426.32437134]
 [416.45654297 426.89437866]
 [381.38740728 350.93143742]]

ID:37 | Angular Depth:[  0.  38.  83. 122. 156. 193. 233. 271. 314. 385. 470. 539.]
Spiral center:[425.46101027 380.70367097]
Electrode coordinates:[[533.66381836 494.76367188]
 [436.23519897 503.39031982]
 [341.21548462 481.84558105]
 [284.74316406 410.03115845]
 [288.71014404 322.78533936]
 [350.40969849 250.72439575]
 [448.82730103 236.27568054]
 [522.41552734 291.50915527]
 [518.97955322 382.18060303]
 [445.31707764 441.0123291 ]
 [360.08853149 408.62481689]
 [361.87255859 316.99606323]]

ID:38 | Angular Depth:[  0.  32.  71. 113. 159. 205. 247. 288. 326. 376. 457. 556.]
Spiral center:[471.51198207 358.49984002]
Electrode coordinates:[[614.02941895 547.28991699]
 [489.44747925 545.62585449]
 [375.55859375 498.49841309]
 [318.65213013 396.85702515]
 [342.94851685 279.26907349]
 [437.95376587 200.67663574]
 [557.70819092 207.42088318]
 [643.65655518 297.46228027]
 [621.88171387 410.44210815]
 [511.49276733 461.55661011]
 [410.38171387 393.84780884]
 [438.45309448 271.44284058]]

ID:14 | Angular Depth:[  0.  33.  71. 110. 152. 201. 251. 307. 360. 433. 509. 599.]
Spiral center:[572.20697626 312.7230692 ]
Electrode coordinates:[[648.05212402 524.67102051]
 [531.47741699 489.04476929]
 [435.80990601 422.43859863]
 [407.37466431 311.47991943]
 [461.49380493 211.34870911]
 [575.66046143 180.32569885]
 [671.32147217 232.98942566]
 [679.96691895 346.8381958 ]
 [606.66168213 411.44720459]
 [501.65731812 366.16125488]
 [511.10173124 262.83236885]
 [614.06492349 261.64760901]]

ID:15 | Angular Depth:[  0.  24.  58.  94. 133. 176. 216. 264. 322. 389. 454. 515.]
Spiral center:[468.69082042 308.70944623]
Electrode coordinates:[[641.15600586 484.50189209]
 [531.55828857 479.65475464]
 [429.24221802 471.03451538]
 [346.40155029 411.89160156]
 [316.77441406 311.43939209]
 [356.98410034 210.21508789]
 [448.96557617 169.26023865]
 [544.18444824 216.26828003]
 [563.82006836 320.97485352]
 [495.12930298 402.23760986]
 [388.57705688 377.58450317]
 [387.97116089 277.74942017]]

ID:06 | Angular Depth:[  0.   4.  10.  20.  49.  98. 142. 184. 222. 264. 310. 355.]
Spiral center:[338.39925054 399.2054065 ]
Electrode coordinates:[[810.5569458  516.78179932]
 [705.93463135 520.17596436]
 [614.06433105 519.98632812]
 [513.12225342 517.16125488]
 [403.99234009 527.37133789]
 [294.32220459 507.83456421]
 [211.29841614 454.72009277]
 [183.56314087 350.27255249]
 [249.70669556 266.33816528]
 [360.0333252  248.00598145]
 [452.54785156 317.58764648]
 [457.72937012 418.03973389]]

ID:07 | Angular Depth:[  0.  27.  62.  97. 129. 165. 203. 247. 299. 357. 425. 490.]
Spiral center:[452.71830662 376.27309177]
Electrode coordinates:[[599.05303955 503.93099976]
 [508.29830933 516.00793457]
 [421.659729   512.25390625]
 [345.4446106  474.20645142]
 [311.33236694 400.3493042 ]
 [331.47399902 315.81115723]
 [399.5027771  266.54858398]
 [483.60702515 283.66796875]
 [536.0222168  345.74780273]
 [512.3795166  423.15908813]
 [432.31311035 445.47622681]
 [384.78756714 386.43875122]]

